
***** Individual 1/2 *****
====== SOLUTION ======
N: 78
budget: 49744

weights (78): [49805, 29370, 14152, 13430, 97254, 62688, 75108, 97593, 59700, 28209, 76711, 1299, 22266, 20761, 21326, 40414, 51151, 84482, 22489, 84364, 76983, 24467, 48213, 73501, 83897, 57933, 38706, 84943, 66473, 16311, 25459, 68976, 89822, 37370, 35220, 59459, 48812, 9179, 18626, 54110, 82876, 96352, 82253, 5863, 81655, 47084, 70501, 94860, 86228, 51945, 78339, 8400, 73811, 76152, 88659, 43442, 81930, 5335, 64047, 44401, 58700, 61496, 79249, 28441, 12522, 33676, 3493, 47648, 87967, 46272, 67378, 1620, 38463, 2079, 21385, 77761, 31764, 5350]

values (78): [5279, 2222, 915, 4391, 1069, 4129, 3571, 9628, 6777, 7276, 186, 8312, 9541, 8194, 8756, 3299, 402, 764, 9323, 883, 6196, 6421, 5853, 7045, 715, 3350, 6560, 3856, 6612, 1854, 7378, 6766, 5683, 6502, 1896, 603, 9943, 9597, 1861, 7040, 8658, 1277, 1288, 3237, 5251, 2756, 174, 319, 6928, 1667, 9105, 861, 6705, 5879, 1877, 6233, 1594, 8151, 6251, 5013, 5643, 3090, 9388, 2199, 7106, 6329, 8627, 288, 1167, 5355, 4213, 4793, 8776, 3560, 6217, 2142, 5107, 8142]

fitness: 0.696969696969697
======================

***** Individual 2/2 *****
====== SOLUTION ======
N: 55
budget: 59722

weights (55): [49804, 18465, 14153, 13431, 39306, 62689, 84803, 35964, 59699, 28208, 76710, 1300, 22265, 23124, 77142, 89816, 14448, 84481, 1545, 64437, 81681, 24466, 88096, 73502, 94859, 92288, 51944, 47662, 8399, 73810, 71642, 21727, 48187, 81931, 5334, 13221, 44400, 58699, 61495, 22550, 97752, 12523, 32038, 72883, 47649, 65210, 46273, 9497, 64027, 3973, 21553, 35124, 63874, 31765, 89522]

values (55): [5278, 7291, 914, 4392, 3298, 4128, 4402, 5892, 6776, 7275, 187, 8311, 9542, 3742, 4332, 8032, 5276, 763, 4958, 8806, 777, 6420, 4497, 7044, 320, 8682, 1666, 3077, 862, 6704, 3389, 2213, 7802, 1595, 8152, 1942, 5012, 5644, 3089, 2195, 487, 7105, 7040, 3270, 287, 1330, 5356, 1390, 8003, 9540, 8766, 5690, 5595, 5108, 3812]

fitness: 0.6666666666666666
======================
