
***** Individual 1/2 *****
====== SOLUTION ======
N: 71
budget: 86750

weights (71): [49806, 29369, 49468, 13431, 97255, 62689, 75107, 51387, 59699, 28208, 3774, 63722, 84365, 76982, 24466, 48214, 73502, 93904, 79321, 38705, 2794, 66472, 67741, 25460, 54971, 89823, 3113, 35219, 3062, 48813, 64897, 67099, 54109, 82877, 96351, 82254, 5862, 38472, 9624, 6698, 83453, 49164, 51946, 78338, 8401, 18471, 19775, 18674, 4746, 40674, 96827, 64046, 44402, 18383, 96596, 37986, 28442, 12521, 6557, 14742, 47649, 15869, 12786, 67377, 97514, 38464, 2078, 21384, 77760, 31763, 34079]

values (71): [5280, 2223, 9533, 4392, 1068, 4130, 3570, 1777, 6778, 7277, 788, 2354, 882, 6197, 6420, 5852, 7044, 4374, 7660, 6561, 1333, 6611, 8470, 7379, 1428, 5684, 8585, 1895, 4612, 9944, 2081, 9864, 7039, 8659, 1278, 1287, 3236, 6596, 9781, 5463, 124, 5640, 1668, 9106, 860, 5390, 9517, 7052, 101, 7993, 9035, 6252, 5014, 81, 1421, 6485, 2198, 7107, 1132, 3855, 289, 9923, 7265, 4214, 4966, 8777, 3559, 6216, 2141, 5106, 1081]

fitness: 0.7272727272727273
======================

***** Individual 2/2 *****
====== SOLUTION ======
N: 78
budget: 49744

weights (78): [49805, 29370, 14152, 13430, 97254, 62688, 75108, 97593, 59700, 28209, 76711, 1299, 22266, 20761, 21326, 40414, 51151, 84482, 22489, 84364, 76983, 24467, 48213, 73501, 83897, 57933, 38706, 84943, 66473, 16311, 25459, 68976, 89822, 37370, 35220, 59459, 48812, 9179, 18626, 54110, 82876, 96352, 82253, 5863, 81655, 47084, 70501, 94860, 86228, 51945, 78339, 8400, 73811, 76152, 88659, 43442, 81930, 5335, 64047, 44401, 58700, 61496, 79249, 28441, 12522, 33676, 3493, 47648, 87967, 46272, 67378, 1620, 38463, 2079, 21385, 77761, 31764, 5350]

values (78): [5279, 2222, 915, 4391, 1069, 4129, 3571, 9628, 6777, 7276, 186, 8312, 9541, 8194, 8756, 3299, 402, 764, 9323, 883, 6196, 6421, 5853, 7045, 715, 3350, 6560, 3856, 6612, 1854, 7378, 6766, 5683, 6502, 1896, 603, 9943, 9597, 1861, 7040, 8658, 1277, 1288, 3237, 5251, 2756, 174, 319, 6928, 1667, 9105, 861, 6705, 5879, 1877, 6233, 1594, 8151, 6251, 5013, 5643, 3090, 9388, 2199, 7106, 6329, 8627, 288, 1167, 5355, 4213, 4793, 8776, 3560, 6217, 2142, 5107, 8142]

fitness: 0.696969696969697
======================
