
***** Generation 1/3 *****
====== SOLUTION ======
N: 24
budget: 91724

weights (24): [58869, 97307, 7316, 98712, 45982, 7021, 79835, 70014, 6925, 47853, 33984, 7835, 13390, 4076, 69339, 44104, 18823, 49494, 22612, 70800, 84410, 48385, 90496, 4036]

values (24): [942, 9329, 9529, 9756, 6292, 5322, 8237, 9655, 2071, 1112, 3005, 364, 9822, 4007, 114, 2402, 8782, 5188, 4778, 5005, 5701, 1999, 2682, 8912]

fitness: 0.6363636363636364
======================

***** Generation 1/3 *****
====== SOLUTION ======
N: 100
budget: 42561

weights (100): [75055, 23643, 50863, 58784, 93694, 99435, 84100, 33361, 93821, 32155, 55909, 58479, 83037, 11848, 80251, 10255, 26947, 20923, 56903, 47795, 85252, 51209, 10245, 6237, 86873, 9295, 6687, 4884, 99244, 93317, 41576, 35440, 97753, 59024, 70245, 20264, 53799, 3636, 73602, 98829, 31201, 55139, 1090, 18509, 8781, 60200, 33841, 38125, 77386, 27735, 91658, 71804, 15519, 63355, 51968, 29445, 86970, 63226, 77987, 95638, 12872, 36009, 27131, 16590, 37272, 93398, 99005, 69097, 91570, 57468, 29794, 74257, 68108, 36308, 71332, 52930, 32198, 90422, 53495, 50319, 13958, 27872, 13047, 47570, 32481, 86786, 88982, 55697, 53717, 64169, 60693, 58298, 11376, 81856, 82417, 58642, 73337, 920, 10574, 19089]

values (100): [9538, 9815, 2923, 3615, 4427, 2527, 592, 6321, 7257, 1051, 1988, 9499, 972, 9064, 1685, 8218, 5855, 1734, 6867, 2613, 731, 107, 7701, 5903, 4853, 8221, 2916, 4355, 7888, 8444, 3529, 470, 5143, 3276, 8954, 8897, 4124, 5082, 3880, 1212, 8078, 6555, 7136, 6092, 7073, 1046, 5926, 8975, 7747, 9038, 3445, 8671, 8519, 9921, 5141, 1484, 4052, 3297, 8858, 469, 5104, 2790, 6118, 1504, 7111, 5625, 4977, 9265, 7055, 7222, 7482, 8692, 4006, 9713, 7162, 961, 4341, 790, 2752, 461, 5818, 4131, 2352, 1125, 2700, 3955, 5267, 9377, 7970, 9580, 6982, 5946, 9101, 5500, 9387, 5053, 2363, 4823, 4183, 1524]

fitness: 0.696969696969697
======================

***** Generation 2/3 *****
====== SOLUTION ======
N: 97
budget: 63860

weights (97): [39601, 31697, 80519, 62454, 35682, 40562, 25379, 57370, 6741, 47187, 30016, 51002, 840, 81448, 76375, 59939, 41587, 87032, 13676, 47794, 74997, 86488, 21461, 25550, 95555, 59884, 9737, 35166, 79081, 48716, 19832, 65931, 37125, 68284, 83709, 63329, 28023, 31200, 73974, 13764, 18510, 69734, 24579, 33840, 90263, 77385, 27736, 91659, 71805, 46526, 88635, 9397, 15484, 86969, 29165, 22151, 34358, 65628, 96329, 75371, 4165, 29410, 78140, 25171, 2665, 54647, 21137, 29795, 51151, 68109, 36307, 14046, 93706, 32197, 8659, 78094, 93284, 75928, 82553, 7555, 95064, 45737, 5745, 32448, 55696, 92847, 20348, 55559, 24869, 60855, 3982, 82416, 33983, 92703, 921, 958, 72541]

values (97): [2860, 6764, 2298, 2753, 8247, 5655, 8788, 249, 6877, 9544, 2395, 4781, 3538, 8857, 417, 6755, 8922, 4687, 5218, 2614, 1837, 4254, 7559, 3755, 6583, 8730, 1468, 3932, 5686, 2591, 6082, 8488, 718, 4448, 3857, 1781, 2297, 8077, 1646, 1109, 6091, 6840, 8008, 5925, 9768, 7746, 9037, 3444, 8670, 1889, 8588, 8858, 2025, 4053, 7870, 6383, 7422, 3786, 4623, 8370, 6352, 3950, 4290, 8798, 4649, 4719, 8136, 7481, 7380, 4007, 9712, 963, 603, 4342, 5581, 729, 5056, 6853, 6296, 3322, 7657, 8139, 5963, 5386, 9376, 1249, 7543, 7599, 496, 5997, 5874, 9386, 9007, 2471, 4824, 9485, 5146]

fitness: 0.7272727272727273
======================

***** Generation 3/3 *****
====== SOLUTION ======
N: 97
budget: 63860

weights (97): [39601, 31697, 80519, 62454, 35682, 40562, 25379, 57370, 6741, 47187, 30016, 51002, 840, 81448, 76375, 59939, 41587, 87032, 13676, 47794, 74997, 86488, 21461, 25550, 95555, 59884, 9737, 35166, 79081, 48716, 19832, 65931, 37125, 68284, 83709, 63329, 28023, 31200, 73974, 13764, 18510, 69734, 24579, 33840, 90263, 77385, 27736, 91659, 71805, 46526, 88635, 9397, 15484, 86969, 29165, 22151, 34358, 65628, 96329, 75371, 4165, 29410, 78140, 25171, 2665, 54647, 21137, 29795, 51151, 68109, 36307, 14046, 93706, 32197, 8659, 78094, 93284, 75928, 82553, 7555, 95064, 45737, 5745, 32448, 55696, 92847, 20348, 55559, 24869, 60855, 3982, 82416, 33983, 92703, 921, 958, 72541]

values (97): [2860, 6764, 2298, 2753, 8247, 5655, 8788, 249, 6877, 9544, 2395, 4781, 3538, 8857, 417, 6755, 8922, 4687, 5218, 2614, 1837, 4254, 7559, 3755, 6583, 8730, 1468, 3932, 5686, 2591, 6082, 8488, 718, 4448, 3857, 1781, 2297, 8077, 1646, 1109, 6091, 6840, 8008, 5925, 9768, 7746, 9037, 3444, 8670, 1889, 8588, 8858, 2025, 4053, 7870, 6383, 7422, 3786, 4623, 8370, 6352, 3950, 4290, 8798, 4649, 4719, 8136, 7481, 7380, 4007, 9712, 963, 603, 4342, 5581, 729, 5056, 6853, 6296, 3322, 7657, 8139, 5963, 5386, 9376, 1249, 7543, 7599, 496, 5997, 5874, 9386, 9007, 2471, 4824, 9485, 5146]

fitness: 0.7272727272727273
======================
