
***** Individual 1/2 *****
====== SOLUTION ======
N: 97
budget: 63860

weights (97): [39601, 31697, 80519, 62454, 35682, 40562, 25379, 57370, 6741, 47187, 30016, 51002, 840, 81448, 76375, 59939, 41587, 87032, 13676, 47794, 74997, 86488, 21461, 25550, 95555, 59884, 9737, 35166, 79081, 48716, 19832, 65931, 37125, 68284, 83709, 63329, 28023, 31200, 73974, 13764, 18510, 69734, 24579, 33840, 90263, 77385, 27736, 91659, 71805, 46526, 88635, 9397, 15484, 86969, 29165, 22151, 34358, 65628, 96329, 75371, 4165, 29410, 78140, 25171, 2665, 54647, 21137, 29795, 51151, 68109, 36307, 14046, 93706, 32197, 8659, 78094, 93284, 75928, 82553, 7555, 95064, 45737, 5745, 32448, 55696, 92847, 20348, 55559, 24869, 60855, 3982, 82416, 33983, 92703, 921, 958, 72541]

values (97): [2860, 6764, 2298, 2753, 8247, 5655, 8788, 249, 6877, 9544, 2395, 4781, 3538, 8857, 417, 6755, 8922, 4687, 5218, 2614, 1837, 4254, 7559, 3755, 6583, 8730, 1468, 3932, 5686, 2591, 6082, 8488, 718, 4448, 3857, 1781, 2297, 8077, 1646, 1109, 6091, 6840, 8008, 5925, 9768, 7746, 9037, 3444, 8670, 1889, 8588, 8858, 2025, 4053, 7870, 6383, 7422, 3786, 4623, 8370, 6352, 3950, 4290, 8798, 4649, 4719, 8136, 7481, 7380, 4007, 9712, 963, 603, 4342, 5581, 729, 5056, 6853, 6296, 3322, 7657, 8139, 5963, 5386, 9376, 1249, 7543, 7599, 496, 5997, 5874, 9386, 9007, 2471, 4824, 9485, 5146]

fitness: 0.7272727272727273
======================

***** Individual 2/2 *****
====== SOLUTION ======
N: 100
budget: 84942

weights (100): [37149, 74901, 8780, 54617, 12873, 80252, 53070, 70182, 57474, 42108, 89732, 25483, 86301, 30841, 16745, 53718, 76807, 26802, 36010, 86081, 37839, 44140, 92896, 22037, 60861, 15520, 34984, 87123, 86264, 66797, 40657, 37040, 83034, 90556, 80580, 20763, 63225, 65317, 15198, 59724, 91336, 52090, 34728, 56916, 11989, 52940, 68375, 57714, 48266, 14102, 95359, 16839, 97716, 15693, 47796, 53798, 31500, 58119, 68484, 81777, 47101, 94516, 52773, 39020, 921, 58297, 57469, 77134, 33707, 76192, 75526, 2963, 63354, 99436, 97813, 55682, 29266, 21534, 42086, 68619, 57882, 50953, 64168, 76485, 11214, 10244, 34902, 84786, 35441, 50058, 15447, 87367, 61332, 35593, 80888, 58255, 68893, 17599, 6522, 61847]

values (100): [2133, 562, 7074, 7796, 5103, 1684, 569, 2762, 7113, 5766, 79, 2788, 6661, 6033, 9212, 7969, 713, 8381, 2789, 9556, 3761, 7990, 8740, 9655, 2534, 8520, 2630, 2703, 5507, 2099, 5665, 6625, 3182, 2572, 8945, 9394, 3298, 6041, 7286, 155, 6550, 6932, 6832, 2475, 7094, 2605, 6206, 4583, 9235, 6763, 4728, 1614, 4639, 3700, 2614, 4125, 5853, 9791, 4638, 8110, 3906, 4581, 452, 7057, 4822, 5945, 7221, 4876, 6739, 3463, 6398, 2520, 9920, 2526, 6819, 3498, 6383, 3797, 655, 7830, 8932, 8094, 9581, 851, 4562, 7702, 7810, 5198, 471, 2879, 3204, 1001, 9209, 9576, 1592, 1900, 6780, 3288, 871, 7781]

fitness: 0.7272727272727273
======================
