
***** Individual 1/2 *****
====== SOLUTION ======
N: 100
budget: 42561

weights (100): [75055, 23643, 50863, 58784, 93694, 99435, 84100, 33361, 93821, 32155, 55909, 58479, 83037, 11848, 80251, 10255, 26947, 20923, 56903, 47795, 85252, 51209, 10245, 6237, 86873, 9295, 6687, 4884, 99244, 93317, 41576, 35440, 97753, 59024, 70245, 20264, 53799, 3636, 73602, 98829, 31201, 55139, 1090, 18509, 8781, 60200, 33841, 38125, 77386, 27735, 91658, 71804, 15519, 63355, 51968, 29445, 86970, 63226, 77987, 95638, 12872, 36009, 27131, 16590, 37272, 93398, 99005, 69097, 91570, 57468, 29794, 74257, 68108, 36308, 71332, 52930, 32198, 90422, 53495, 50319, 13958, 27872, 13047, 47570, 32481, 86786, 88982, 55697, 53717, 64169, 60693, 58298, 11376, 81856, 82417, 58642, 73337, 920, 10574, 19089]

values (100): [9538, 9815, 2923, 3615, 4427, 2527, 592, 6321, 7257, 1051, 1988, 9499, 972, 9064, 1685, 8218, 5855, 1734, 6867, 2613, 731, 107, 7701, 5903, 4853, 8221, 2916, 4355, 7888, 8444, 3529, 470, 5143, 3276, 8954, 8897, 4124, 5082, 3880, 1212, 8078, 6555, 7136, 6092, 7073, 1046, 5926, 8975, 7747, 9038, 3445, 8671, 8519, 9921, 5141, 1484, 4052, 3297, 8858, 469, 5104, 2790, 6118, 1504, 7111, 5625, 4977, 9265, 7055, 7222, 7482, 8692, 4006, 9713, 7162, 961, 4341, 790, 2752, 461, 5818, 4131, 2352, 1125, 2700, 3955, 5267, 9377, 7970, 9580, 6982, 5946, 9101, 5500, 9387, 5053, 2363, 4823, 4183, 1524]

fitness: 0.696969696969697
======================

***** Individual 2/2 *****
====== SOLUTION ======
N: 97
budget: 64388

weights (97): [50633, 99750, 40505, 93695, 46282, 18093, 87588, 11609, 90748, 22894, 80670, 63198, 23642, 12326, 21024, 80308, 47571, 7958, 27766, 24511, 6207, 75056, 10246, 27873, 27525, 27736, 11092, 83841, 74970, 53798, 60122, 91223, 88483, 63628, 78089, 94526, 72940, 57776, 64339, 23938, 48914, 88981, 65134, 80780, 77014, 81672, 90682, 49725, 96316, 4902, 9964, 97752, 64715, 1662, 28099, 59117, 55754, 69301, 53737, 15508, 42819, 4389, 49022, 70685, 96031, 50636, 54209, 75567, 15601, 19827, 24458, 95540, 32197, 73603, 15520, 37563, 76172, 67130, 98097, 85373, 36302, 16548, 52202, 56527, 10268, 31562, 10575, 26425, 89351, 19068, 55918, 17389, 19433, 85265, 69600, 86626, 27995]

values (97): [5503, 1983, 9197, 4426, 9984, 4812, 9878, 9025, 3384, 2734, 3337, 4642, 9816, 231, 4567, 3421, 1126, 4856, 8013, 2742, 5728, 9539, 7702, 4132, 7199, 9039, 3487, 5199, 8043, 4125, 8911, 7283, 1100, 2171, 1202, 4656, 4630, 1107, 299, 9381, 7616, 5266, 7576, 6185, 1698, 9656, 1374, 3758, 3253, 4495, 4812, 5144, 593, 447, 6883, 8757, 4050, 408, 2170, 268, 8117, 5064, 3184, 5594, 2999, 3275, 476, 6077, 6306, 8419, 9946, 2799, 4340, 3881, 8518, 8300, 8383, 6451, 7616, 8989, 4511, 3304, 1190, 149, 2130, 7756, 4184, 6487, 7120, 8263, 5920, 3157, 7198, 1997, 2316, 4042, 1601]

fitness: 0.6363636363636364
======================
