
***** Generation 1/3 *****
====== SOLUTION ======
N: 16
budget: 45977

weights (16): [16294, 40685, 22622, 73645, 27644, 85288, 75577, 24104, 97810, 62378, 48774, 5479, 99525, 429, 39037, 18393]

values (16): [6454, 3, 6611, 4224, 9524, 3806, 1984, 9365, 1682, 3525, 5435, 2779, 1820, 2609, 4405, 7584]

fitness: 0.5757575757575758
======================

***** Generation 2/3 *****
====== SOLUTION ======
N: 16
budget: 45977

weights (16): [16294, 40685, 22622, 73645, 27644, 85288, 75577, 24104, 97810, 62378, 48774, 5479, 99525, 429, 39037, 18393]

values (16): [6454, 3, 6611, 4224, 9524, 3806, 1984, 9365, 1682, 3525, 5435, 2779, 1820, 2609, 4405, 7584]

fitness: 0.5757575757575758
======================

***** Generation 3/3 *****
====== SOLUTION ======
N: 16
budget: 45977

weights (16): [16294, 40685, 22622, 73645, 27644, 85288, 75577, 24104, 97810, 62378, 48774, 5479, 99525, 429, 39037, 18393]

values (16): [6454, 3, 6611, 4224, 9524, 3806, 1984, 9365, 1682, 3525, 5435, 2779, 1820, 2609, 4405, 7584]

fitness: 0.5757575757575758
======================
