
***** Individual 1/2 *****
====== SOLUTION ======
N: 16
budget: 45977

weights (16): [16294, 40685, 22622, 73645, 27644, 85288, 75577, 24104, 97810, 62378, 48774, 5479, 99525, 429, 39037, 18393]

values (16): [6454, 3, 6611, 4224, 9524, 3806, 1984, 9365, 1682, 3525, 5435, 2779, 1820, 2609, 4405, 7584]

fitness: 0.5757575757575758
======================

***** Individual 2/2 *****
====== SOLUTION ======
N: 24
budget: 45977

weights (24): [60237, 81012, 24290, 94025, 30445, 85286, 34258, 90728, 40368, 97024, 79230, 73562, 47925, 88973, 83027, 11062, 55150, 46123, 92507, 11060, 55812, 46121, 35760, 70675]

values (24): [3734, 3247, 984, 7117, 9913, 3806, 524, 7113, 9466, 4526, 657, 1987, 2357, 2586, 991, 3599, 3136, 5330, 9914, 3599, 299, 5328, 6695, 9527]

fitness: 0.30303030303030304
======================
