
***** Individual 1/2 *****
====== SOLUTION ======
N: 16
budget: 45977

weights (16): [16294, 40685, 22622, 73645, 27644, 85288, 75577, 24104, 97810, 62378, 48774, 5479, 99525, 429, 39037, 18393]

values (16): [6454, 3, 6611, 4224, 9524, 3806, 1984, 9365, 1682, 3525, 5435, 2779, 1820, 2609, 4405, 7584]

fitness: 0.5757575757575758
======================

***** Individual 2/2 *****
====== SOLUTION ======
N: 16
budget: 63162

weights (16): [24444, 40686, 62897, 73644, 27643, 26865, 9332, 24105, 97811, 98435, 48775, 79723, 99524, 430, 98136, 18392]

values (16): [3677, 2, 7344, 4223, 9523, 8716, 8564, 9366, 1683, 6415, 5436, 6376, 1821, 2610, 7845, 7585]

fitness: 0.5454545454545454
======================
